chr1@2441419	2	425	582	326	441	2	733	782	800	700
chr1@2441435	2	1400	8	1090	8	2	2166	11	2000	8
chr1@2441501	2	2821	206	2101	155	2	4076	290	4000	200
chr1@2441515	2	1856	1451	1361	1091	2	2606	2053	2600	2000
chr1@2441650	2	685	195	506	139	2	619	191	600	200
chr1@2441729	2	413	467	298	390	2	331	384	350	400
chr1@2441744	2	984	0	763	1	2	823	0	900	0
chr1@2441797	2	1340	2	1067	5	2	1171	1	1000	1
chr1@2441948	2	775	420	552	345	2	815	409	800	400
chr1@2441990	2	972	6	698	2	2	911	13	920	20
chr1@2442149	2	491	0	352	0	2	453	0	460	0
chr1@2442398	2	961	9	715	6	2	781	4	800	10
chr1@2442548	2	1204	117	827	97	2	1195	146	1300	200
chr1@2442681	2	1190	328	816	231	2	1163	372	1500	300
chr8@88696772	2	0	0	0	0	2	1	0	2	0
chr8@88701103	2	0	0	0	0	2	1	0	1	0
chr8@110458937	2	0	0	0	0	2	3	0	2	0
chr8@110510706	2	0	0	0	0	2	1	0	2	0
chr8@110595714	2	0	0	0	0	2	1	0	1	0
chr9@82054417	2	0	0	0	0	2	2	0	1	0
chr9@82073019	2	0	0	0	0	2	1	0	2	0
chr9@82082620	2	0	0	0	0	2	2	0	2	0
chr9@82092249	2	0	0	0	0	2	1	0	1	0
chr9@82173920	2	0	0	0	0	2	1	0	1	0
chr9@82174082	2	0	0	0	0	2	1	0	2	0
